21610
21611
21612
21613
21614
21615
21616
21617
21619
21620
21621
21622
21623
21624
21625
21626
21627
21629
21630
21631
21632
21633
21634
21635
21636
21637
21639
21640
21641
21642
21643
21644
21645
21646
21647
21649
29734
29735
29736
29737
29738
29739
29740
29741
29742
29743
29744
29745
29746
29747
29748
29749
29750
29751
29752
29753
29754
29755
29756
29757
29758
29759
28362
28363
28364
28365
28366
28367
28368
28369
28370
21633
21634
21635
21636
21637
21638
21639
21640
21641
11288
11289
11290
11291
11292
11293
11294
11295
11296
21765
21766
21767
21768
21769
21770

